00110000
11110100
10000000
00000000
00000000
00000000
00000000
00000000
00000000
00000000
10000000
00110010
00000000
00000000
00000000
00000000
00000000
00000000
00000000
00000000
00000000
00000000
00000000
00000000
11111111
11111111
11111111
11111111
11111111
11111111
11111111
11111111
11111111
11111111
11111111
11111111
11111111
11111111
11111111
11111111
11111111
11111111
11111111
11111111
11111111
11111111
11111111
11111111
11111111
11111111
00110000
11110111
11001000
00000000
00000000
00000000
00000000
00000000
00000000
00000000
00110000
11110110
00000100
00000000
00000000
00000000
00000000
00000000
00000000
00000000
10000000
01100100
00000000
00000000
00000000
00000000
00000000
00000000
00000000
10010000
00000000
00000000
00000000
00000000
11111111
11111111
11111111
11111111
11111111
11111111
11111111
11111111
11111111
11111111
11111111
11111111
11111111
11111111
11111111
11111111
00110000
11111000
00001000
00000000
00000000
00000000
00000000
00000000
00000000
00000000
00110000
11111001
00000001
00000000
00000000
00000000
00000000
00000000
00000000
00000000
01100011
00000000
01100010
01100110
01110000
10011000
00000000
00000000
00000000
00000000
00000000
00000000
00000000
11111111
11111111
11111111
01010000
10100111
00000000
00000000
00000000
00000000
00000000
00000000
00000000
00000000
01100000
10100000
01100000
10000111
01100001
10010110
01110100
10001000
00000000
00000000
00000000
00000000
00000000
00000000
00000000
10010000