00110000
11110010
00001000
00000000
00000000
00000000
00000000
00000000
00000000
00000000
00110000
11110000
01000110
00000000
00000000
00000000
00000000
00000000
00000000
00000000
01000000
00100000
00000000
00000000
00000000
00000000
00000000
00000000
00000000
00000000
01000000
00000010
00000000
00000000
00000000
00000000
00000000
00000000
00000000
00000000
00010000
00010000
00010000
01010000
01000000
00000000
00000000
00000000
00000000
00000000
00000000
00000000
00000000
10010000
11111111
11111111
11111111
11111111
11111111
11111111
11111111
11111111
11111111
11111111
11111111
11111111
11111111
11111111
11111111
11111111
00000000



